179	-324.0
235	-214.0
277	-330.0
380	-594.0
497	-332.0
543	-226.0
574	-338.0
620	-224.0
684	-390.0
729	-196.0
885	-330.0
990	-322.0
1051	-240.0
1207	-320.0
1326	-334.0
1384	-228.0
1511	-314.0
1651	-326.0
1781	-314.0
1838	-226.0
2006	-330.0
2207	-204.0
2255	-330.0
2328	-288.0
2446	-322.0
2647	-62.0
2782	-326.0
2875	-254.0
2906	-278.0
2969	-268.0
3005	-288.0
3050	-336.0
3162	-330.0
3226	-226.0
3326	-410.0
3465	-346.0
3578	-308.0
3632	-354.0
3767	-322.0
3844	-384.0
3886	-294.0
3943	-270.0
3998	-452.0
4001	236.0
4067	-268.0
4124	-358.0
4294	-304.0
4392	-316.0
4529	-320.0
4628	-316.0
4748	-312.0
4869	-314.0
5005	-316.0
5060	-406.0
5109	-270.0
5138	-290.0
5339	-162.0
5370	-306.0
5432	-334.0
5550	-312.0
5602	-328.0
5632	-320.0
5679	-264.0
5880	-224.0
6000	-330.0
6106	-312.0
6171	-364.0
6304	-310.0
6402	-312.0
6459	-374.0
6652	-322.0
6853	-200.0
6956	-334.0
7112	-340.0
7163	-346.0
7303	-344.0
7353	-400.0
7489	-328.0
7529	-334.0
7566	-240.0
7660	-348.0
7691	-194.0
7797	-316.0
7915	-314.0
7971	-364.0
8001	4.0
8109	-326.0
8158	-204.0
8274	-322.0
8336	-342.0
8410	-266.0
8442	-328.0
8504	-292.0
8539	-294.0
8687	-334.0
8811	-340.0
8894	-284.0
8946	-242.0
9055	-318.0
9179	-328.0
9239	-344.0
9305	-226.0
9334	-286.0
9396	-254.0
9437	-256.0
9506	-270.0
9574	-216.0
9612	-306.0
9654	-322.0
9753	-392.0
9887	-334.0
10010	-334.0
10151	-322.0
10293	-314.0
10335	-322.0
10391	-344.0
10529	-322.0
10568	-220
10620	-424.0
10709	-328.0
10847	-338.0
10900	-222.0
10999	-326.0
11047	-412.0
11090	-378.0
11223	-332.0
11265	-376.0
11466	-194.0
11588	-318.0
11630	-394.0
11812	-308.0
11982	-306.0
12001	408.0
12038	-292.0
12083	-198.0
12131	-212.0
12162	-386.0
12271	-314.0
12351	-436.0
12513	-334.0
12624	-346.0
12799	-304.0
12843	-352.0
12908	-396.0
13038	-338.0
13073	-330.0
13198	-328.0
13337	-340.0
13461	-324.0
13496	-288.0
13562	-230.0
13618	-234.0
13758	-338.0
13814	-344.0
13861	-360.0
13897	-212.0
13943	-282.0
14091	-316.0
14206	-328.0
14249	-304.0
14437	-332.0
14488	-238.0
14611	-320.0
14722	-386.0
14766	-298.0
14814	-420.0
14857	-246.0
15024	-332.0
15084	-358.0
15105	-298.0
15243	-328.0
15282	-254.0
15424	-316.0
15457	-302.0
15568	-302.0
15668	-326.0
15714	-328.0
15792	-262.0
15888	-330.0
15998	-332.0
16001	232.0
16099	-380.0
16157	-214.0
16207	-232.0
16408	-254.0
16519	-322.0
16552	-326.0
16630	-254.0
16662	-336.0
16822	-340.0
16897	-316.0
16939	-222.0
17079	-320.0
17172	-302.0
17214	-390.0
17270	-208.0
17394	-322.0
17442	-454.0
17492	-292.0
17563	-258.0
17718	-328.0
17811	-222.0
17837	-336.0
17978	-330.0
18058	-508.0
18183	-340.0
18223	-276.0
18313	-344.0
18457	-310.0
18558	-318.0
18687	-330.0
18733	-330.0
18838	-318.0
18893	-360.0
18944	-344.0
19062	-328.0
19263	-292.0
19305	-328.0
19360	-298.0
19408	-292.0
19456	-340.0
19619	-334.0
19667	-356.0
19794	-338.0
19857	-342.0
19993	-308.0
20001	194.0
20146	-338.0
20172	-332.0
20249	-308.0
20354	-338.0
20453	-344.0
20513	-394.0
20584	-280.0
20692	-334.0
20747	-212.0
20794	-298.0
20839	-262.0
21039	-124.0
21098	-320.0
21120	-298.0
21175	-416.0
21243	-282.0
21403	-310.0
21442	-338.0
21496	-190.0
21572	-200.0
21712	-314.0
21748	-326.0
21852	-322.0
21981	-314.0
22035	-386.0
22081	-358.0
22164	-276.0
22238	-272.0
22269	-226.0
22342	-394.0
22461	-338.0
22498	-196.0
22699	-108.0
22799	-236.0
22887	-318.0
23010	-342.0
23058	-236.0
23166	-302.0
23218	-320.0
23326	-318.0
23461	-322.0
23662	-158.0
23759	-322.0
23903	-324.0
24001	-110.0
24132	-324.0
24272	-334.0
24340	-246.0
24481	-322.0
24537	-196.0
24673	-336.0
24711	-308.0
24755	-266.0
24798	-246.0
24841	-328.0
24951	-306.0
24993	-372.0
25034	-352.0
25080	-384.0
25200	-354.0
25235	-246.0
25363	-342.0
25505	-324.0
25578	-254.0
25623	-218.0
25756	-328.0
25818	-270.0
25970	-324.0
26142	-328.0
26177	-212.0
26274	-312.0
26333	-286.0
26450	-332.0
26486	-312.0
26540	-202.0
26664	-330.0
26865	-208.0
26906	-420.0
27018	-314.0
27064	-276.0
27119	-304.0
27167	-240.0
27278	-322.0
27320	-396.0
27374	-340.0
27425	-310.0
27460	-234.0
27524	-266.0
27568	-260.0
27664	-316.0
27701	-288.0
27747	-282.0
27774	-292.0
27830	-292.0
28030	824.0
28139	-320.0
28340	-160.0
28375	-302.0
28410	-194.0
28444	-308.0
28491	-270.0
28661	-318.0
28711	-336.0
28821	-330.0
28861	-304.0
28904	-366.0
29037	-320.0
29085	-262.0
29286	-272.0
29409	-314.0
29446	-302.0
29474	-302.0
29569	-392.0
29676	-328.0
29796	-302.0
29919	-314.0
29958	-366.0
30020	-278.0
30049	-456.0
30177	-336.0
30319	-338.0
30519	-126.0
30720	-176.0
30768	-340
30844	-420.0
30875	-308.0
30921	-262.0
31065	-324.0
31208	-344.0
31326	-320.0
31393	-490.0
31499	-324.0
31596	-318.0
31746	-332.0
31804	-230.0
31953	-334.0
32001	192.0
32122	-318.0
32257	-346.0
32318	-292.0
32372	-310.0
32423	-380.0
32526	-344.0
32580	-454.0
32730	-334.0
32929	-338.0
33071	-336.0
33122	-250.0
33165	-242.0
33248	-262.0
33287	-284.0
33322	-310.0
33466	-324.0
33667	-252.0
33778	-314.0
33931	-332.0
34044	-366.0
34147	-332.0
34199	-308.0
34326	-338.0
34351	-344.0
34484	-336.0
34553	-204.0
34639	-476.0
34726	-260.0
34863	-322.0
34923	-246.0
34983	-370.0
35009	-296.0
35085	-402.0
35122	-208.0
35144	-268.0
35202	-310.0
35240	-332.0
35289	-230.0
35344	-246.0
35471	-326.0
35604	-336.0
35651	-254.0
35777	-328.0
35967	-330.0
36001	-18.0
36043	-200.0
36117	-274.0
36197	-270.0
36311	-314.0
36394	-270.0
36485	-312.0
36521	-226.0
36708	-332.0
36755	-296.0
36815	-352.0
36946	-318.0
36983	-282.0
37111	-306.0
37292	-308.0
37457	-320.0
37602	-322.0
37744	-332.0
37771	-196.0
37816	-310.0
37945	-330.0
38000	-326.0
38035	-344.0
38096	-466.0
38243	-318.0
38332	-276.0
38369	-376.0
38521	-340.0
38568	-282.0
38624	-262.0
38677	-266.0
38709	-284.0
38888	-326.0
38924	-280.0
38971	-220.0
39021	-188.0
39182	-340.0
39237	-382.0
39353	-344.0
39412	-254.0
39458	-366.0
39554	-204.0
39582	-314.0
39643	-236.0
39717	-266.0
39872	-336.0
39926	-378.0
39973	-444.0
40001	560.0
40071	-328.0
40179	-312.0
40219	-204.0
40309	-336.0
40345	-222.0
40546	-242.0
40747	-278.0
40782	-194.0
40821	-372.0
40848	-298.0
40973	-342.0
41151	-324.0
41196	-206.0
41324	-338.0
41511	-310.0
41546	-204.0
41654	-314.0
41706	-198.0
41825	-306.0
41964	-336.0
42016	-270.0
42066	-240.0
42103	-364.0
42211	-330.0
42240	-192.0
42349	-334.0
42402	-232.0
42509	-336.0
42710	-58.0
42820	-322.0
42872	-290.0
42972	-332.0
43008	-246.0
43122	-318.0
43173	-290.0
43304	-340.0
43360	-432.0
43494	-324.0
43621	-314.0
43675	-272.0
43731	-198.0
43880	-328.0
43931	-298.0
44001	-68.0
44053	-336.0
44195	-336.0
44325	-332.0
44526	-220.0
44631	-322.0
44678	-266.0
44704	-258.0
44749	-404.0
44887	-326.0
45004	-350.0
45103	-324.0
45215	-346.0
45340	-336.0
45384	-398.0
45522	-318.0
45565	-346.0
45628	-256.0
45666	-252.0
45735	-328.0
45776	-404.0
45862	-306.0
45897	-268.0
46038	-342.0
46150	-340.0
46196	-312.0
46233	-320.0
46291	-438.0
46399	-330.0
46500	-310.0
46627	-322.0
46751	-334.0
46789	-292.0
46930	-332.0
47054	-334.0
47130	-292.0
47176	-244.0
47222	-264.0
47365	-326.0
47401	-356.0
47513	-314.0
47562	-454.0
47692	-332.0
47747	-372.0
47806	-344.0
47852	-202.0
47894	-368.0
47923	-256.0
48001	24.0
48079	-288.0
48139	-352.0
48297	-342.0
48474	-328.0
48533	-238.0
48656	-312.0
48784	-324.0
48842	-292.0
48994	-340.0
49141	-328.0
49196	-264.0
49320	-322.0
49383	-294.0
49434	-400.0
49473	-246.0
49522	-194.0
49655	-310.0
49796	-316.0
49840	-316.0
49957	-338.0
50053	-306.0
50180	-338.0
50253	-214.0
50379	-328.0
50497	-320.0
50548	-292.0
50579	-340
50661	-262.0
50685	-268.0
50761	-302.0
50895	-320.0
51057	-318.0
51091	-194.0
51125	-234.0
51167	-212.0
51213	-232.0
51262	-336.0
51317	-370.0
51365	-272.0
51410	-342.0
51496	-286.0
51553	-250.0
51708	-316.0
51801	-368.0
51900	-304.0
52001	174.0
52115	-320.0
52171	-464.0
52317	-338.0
52359	-346.0
52469	-332.0
52588	-318.0
52614	-270
52652	-308.0
52739	-492.0
52783	-316.0
52808	-224.0
52947	-312.0
52974	-298.0
53175	-226.0
53226	-312.0
53282	-226.0
53353	-284.0
53500	-308.0
53575	-278.0
53619	-342.0
53718	-320.0
53770	-250.0
53913	-324.0
53953	-214.0
54140	-334.0
54262	-320.0
54434	-310.0
54546	-332.0
54718	-320.0
54788	-324.0
54836	-300.0
55002	-338.0
55052	-236.0
55185	-326.0
55299	-318.0
55343	-352.0
55455	-332.0
55534	-246.0
55605	-256.0
55648	-352.0
55747	-306.0
55948	-46.0
55978	-316.0
56001	-314.0
56032	-218.0
56070	-224.0
56210	-322.0
56340	-324.0
56468	-344.0
56542	-282.0
56632	-314.0
56777	-348.0
56816	-342.0
56905	-274.0
56950	-396.0
56990	-344.0
57043	-374.0
57244	-146.0
57445	-232.0
57598	-310.0
57648	-208.0
57761	-312.0
57795	-316.0
57821	-230
57894	-392.0
57938	-336.0
58097	-326.0
58153	-304.0
58280	-246.0
58336	-322.0
58376	-318.0
58501	-332.0
58552	-240.0
58596	-352.0
58627	-244.0
58828	-30.0
58875	-300
58929	-254.0
58973	-306.0
59093	-340.0
59150	-384.0
59212	-298.0
59413	-214.0
59592	-324.0
59759	-310.0
59879	-330.0
60001	-226.0
60121	-344.0
60174	-262.0
60227	-334.0
60262	-408.0
60308	-336.0
60435	-328.0
60465	-252.0
60492	-226.0
60530	-210.0
60560	-196.0
60690	-334.0
60828	-334.0
60934	-328.0
61044	-320.0
61190	-328.0
61337	-320.0
61500	-312.0
61701	-180.0
61748	-272.0
61949	-178.0
62083	-322.0
62208	-336.0
62247	-240.0
62297	-298.0
62337	-332.0
62384	-214.0
62501	-336.0
62529	-332.0
62576	-192.0
62715	-334.0
62842	-330.0
62897	-234.0
63013	-312.0
63088	-274.0
63289	-262.0
63417	-304.0
63500	-392.0
63657	-300.0
63813	-334.0
63938	-328.0
64001	238.0
64202	-192.0
64354	-336.0
64399	-294.0
64441	-232.0
64483	-234.0
64560	-280.0
64608	-412.0
64732	-342.0
64798	-252.0
64852	-234.0
64916	-334.0
64960	-414.0
65025	-424.0
65141	-326.0
65337	-326.0
65387	-318.0
65570	-318.0
65651	-344.0
65759	-334.0
65872	-302.0
66041	-318.0
66088	-212.0
66137	-398.0
66180	-212.0
66247	-404.0
66358	-322.0
66559	-244.0
66718	-322.0
66808	-308.0
66959	-320.0
67029	-344.0
67159	-324.0
67192	-254.0
67307	-336.0
67508	-186.0
67641	-318.0
67704	-280.0
67809	-314.0
67845	-284.0
68001	-110.0
68080	-388.0
68281	-282.0
68416	-312.0
68559	-316.0
68656	-302.0
68768	-346.0
68886	-310.0
68936	-332.0
68988	-274.0
69028	-358.0
69074	-248.0
69221	-312.0
69278	-316.0
69425	-310.0
69491	-354.0
69589	-586.0
69749	-318.0
69778	-250
69979	-162.0
70029	-304.0
70173	-334.0
70327	-322.0
70399	-238.0
70442	-294.0
70555	-326.0
70605	-264.0
70649	-358.0
70850	-326.0
71011	-334.0
71033	-270
71092	-376.0
71150	-344.0
71193	-350
71247	-368.0
71392	-310.0
71441	-254.0
71485	-492.0
71598	-326.0
71799	-328.0
71878	-310.0
71926	-314.0
71952	-368.0
72001	-410.0
72053	-248.0
72094	-220.0
72213	-314.0
72314	-322.0
72505	-310.0
72530	-300
72681	-324.0
72732	-322.0
72769	-216.0
72817	-338.0
72863	-242.0
72995	-310.0
73156	-322.0
73194	-224.0
73247	-366.0
73302	-286.0
73438	-340.0
73468	-286.0
73584	-332.0
73710	-320.0
73837	-332.0
73878	-346.0
73953	-448.0
74122	-338.0
74216	-332.0
74359	-336.0
74410	-330.0
74520	-332.0
74589	-256.0
74661	-270.0
74807	-328.0
74858	-194.0
74891	-222.0
74917	-296.0
75079	-336.0
75108	-224.0
75170	-372.0
75202	-346.0
75235	-256.0
75356	-320.0
75411	-474.0
75530	-588.0
75676	-334.0
75783	-338.0
75889	-336.0
75941	-362.0
75993	-298.0
76001	536.0
76106	-328.0
76145	-290.0
76346	-120.0
76385	-214.0
76514	-348.0
76668	-314.0
76795	-306.0
76996	-230.0
77026	-280
77153	-316.0
77190	-254.0
77233	-346.0
77274	-252.0
77340	-290.0
77413	-510.0
77441	-248.0
77511	-310.0
77623	-308.0
77783	-326.0
77968	-338.0
78021	-270.0
78159	-322.0
78264	-326.0
78319	-396.0
78370	-502.0
78494	-318.0
78598	-326.0
78640	-200.0
78737	-310.0
78790	-192.0
78819	-244.0
78935	-326.0
79034	-332.0
79116	-294.0
79191	-440.0
79222	-326.0
79279	-236.0
79349	-268.0
79383	-254.0
79530	-330.0
79660	-328.0
79780	-324.0
79820	-216.0
79869	-286.0
79936	-368.0
79991	-236.0
80001	574.0
80121	-320.0
80168	-192.0
80209	-262.0
80298	-278.0
80490	-308.0
80516	-318.0
80648	-338.0
80746	-320.0
80770	-206.0
80811	-304.0
80922	-314.0
81061	-330.0
81118	-242.0
81155	-336.0
81278	-366.0
81336	-288.0
81366	-278.0
81412	-218.0
81436	-214.0
81487	-202.0
81534	-268.0
81577	-386.0
81709	-334.0
81858	-336.0
81882	-326.0
82023	-334.0
82073	-344.0
82126	-234.0
82178	-364.0
82212	-332.0
82254	-320
82376	-312.0
82481	-312.0
82524	-284.0
82612	-286.0
82656	-194.0
82724	-322.0
82821	-312.0
82875	-232.0
82998	-326.0
83124	-320.0
83324	-174.0
83361	-424.0
83455	-310.0
83563	-324.0
83633	-264.0
83685	-372.0
83716	-274.0
83768	-384.0
83887	-314.0
84001	-330.0
84202	-196.0
84403	-258.0
84459	-394.0
84484	-276.0
84523	-380.0
84670	-338.0
84838	-326.0
84940	-332.0
84998	-404.0
85024	-292.0
85074	-204.0
85111	-336.0
85163	-484.0
85203	-304.0
85289	-348.0
85360	-260.0
85504	-330.0
85650	-344.0
85739	-310.0
85840	-324.0
85862	-300
85890	-318.0
85992	-302.0
86065	-414.0
86117	-434.0
86209	-344.0
86337	-338.0
86471	-340.0
86545	-318.0
86638	-316.0
86760	-338.0
86828	-366.0
86862	-204.0
87001	-314.0
87099	-466.0
87158	-350.0
87232	-334.0
87380	-334.0
87435	-266.0
87608	-330.0
87658	-202.0
87679	-246.0
87802	-326.0
87836	-316.0
87957	-324.0
88001	286.0
88127	-342.0
88266	-312.0
88381	-308.0
88439	-262.0
88464	-294.0
88629	-318.0
88830	-250.0
88956	-334.0
89105	-328.0
89177	-264.0
89283	-316.0
89468	-300.0
89669	-164.0
89785	-316.0
89872	-508.0
89994	-342.0
90044	-382.0
90185	-346.0
90283	-356.0
90345	-352.0
90390	-322.0
90422	-370.0
90530	-324.0
90607	-306.0
90726	-336.0
90848	-306.0
91048	-126.0
91185	-316.0
91217	-302.0
91307	-306.0
91343	-316.0
91380	-214.0
91421	-252.0
91482	-204.0
91511	-292.0
91711	-118.0
91750	-466.0
91778	-200
91881	-310.0
91943	-334.0
92001	-40.0
92086	-280.0
92190	-328.0
92328	-336.0
92371	-404.0
92502	-312.0
92551	-196.0
92645	-326.0
92760	-332.0
92824	-332.0
92933	-322.0
93034	-386.0
93082	-338.0
93131	-360.0
93254	-298.0
93303	-272.0
93489	-336.0
93613	-330.0
93694	-318.0
93895	-196.0
94044	-324.0
94092	-218.0
94120	-340
94247	-334.0
94320	-350.0
94419	-302.0
94548	-328.0
94591	-362.0
94677	-426.0
94719	-234.0
94793	-238.0
94838	-320.0
95039	-246.0
95095	-346.0
95281	-310.0
95329	-204.0
95358	-212.0
95408	-342.0
95460	-244.0
95533	-388.0
95674	-338.0
95805	-314.0
95867	-240.0
95977	-324.0
96001	448.0
96074	-260.0
96125	-344.0
96155	-398.0
96184	-196.0
96300	-330.0
96348	-394.0
96392	-392.0
96462	-294.0
96506	-248.0
96545	-292.0
96590	-324.0
96742	-332.0
96789	-194.0
96871	-292.0
96901	-328.0
97006	-316.0
97103	-326.0
97202	-334.0
97262	-440.0
97384	-328.0
97438	-282.0
97593	-308.0
97645	-366.0
97811	-290.0
97850	-326.0
98009	-342.0
98035	-328.0
98127	-314.0
98251	-320.0
98401	-338.0
98541	-334.0
98649	-324.0
98721	-378.0
98877	-320.0
99012	-328.0
99092	-440.0
99116	-338.0
99248	-318.0
99337	-382.0
99436	-286.0
99480	-188.0
99605	-344.0
99662	-358.0
99748	-380.0
99859	-336.0
99907	-358.0
99955	-284.0
99987	-270.0
100001	408.0
100040	-350
100174	-308.0
100293	-318.0
100351	-264.0
100399	-324.0
100571	-330.0
100665	-332.0
100804	-310.0
100861	-374.0
100983	-308.0
101057	-236.0
101101	-344.0
101211	-324.0
101361	-330.0
101458	-284.0
101578	-332.0
101717	-348.0
101780	-274.0
101907	-320.0
102108	-190.0
102208	-288.0
102267	-188.0
102424	-334.0
102625	-154.0
102723	-322.0
102777	-374.0
102831	-208.0
102897	-328.0
102945	-222.0
103002	-244.0
103138	-322.0
103273	-324.0
103325	-352.0
103464	-326.0
103665	-190.0
103704	-246.0
103905	-182.0
104001	-214.0
104125	-330.0
104320	-326.0
104464	-322.0
104604	-338.0
104672	-328.0
104783	-312.0
104951	-310.0
105100	-334.0
105140	-270
105245	-318.0
105295	-356.0
105331	-192.0
105450	-324.0
105582	-338.0
105750	-308.0
105849	-200.0
105914	-384.0
105941	-270
106103	-342.0
106152	-246.0
106182	-220
106328	-312.0
106370	-322.0
106516	-336.0
106570	-224.0
106639	-222.0
106698	-320.0
106898	-160.0
106988	-304.0
107041	-324.0
107212	-324.0
107413	-298.0
107458	-244.0
107516	-216.0
107717	-52.0
107811	-264.0
107963	-316.0
108001	384.0
108053	-402.0
108099	-396.0
108147	-396.0
108348	-242.0
108402	-338.0
108441	-398.0
108508	-200.0
108544	-286.0
108587	-340.0
108620	-220.0
108715	-334.0
108845	-300.0
108955	-328.0
109101	-320.0
109302	-232.0
109349	-200.0
109443	-324.0
109531	-282.0
109580	-320.0
109762	-318.0
109863	-312.0
109902	-258.0
110014	-304.0
110092	-260.0
110172	-288.0
110340	-326.0
110438	-294.0
110548	-326.0
110681	-342.0
110813	-334.0
110873	-252.0
110895	-228.0
110952	-210.0
111083	-336.0
111267	-316.0
111300	-316.0
111336	-298.0
111370	-398.0
111440	-300.0
111514	-268.0
111603	-300.0
111712	-218.0
111749	-246.0
111827	-292.0
111855	-206.0
111903	-380.0
112001	-250.0
112168	-316.0
112209	-410.0
112270	-240.0
112329	-238.0
112402	-286.0
112428	-264.0
112470	-378.0
112636	-322.0
112790	-320.0
112847	-214.0
113047	-252.0
113184	-322.0
113297	-338.0
113436	-342.0
113600	-328.0
113651	-212.0
113696	-226.0
113729	-244.0
113776	-218.0
113909	-316.0
114040	-330.0
114107	-294.0
114280	-324.0
114353	-276.0
114411	-246.0
114558	-320.0
114611	-386.0
114710	-326.0
114769	-214.0
114804	-294.0
114864	-272.0
115029	-328.0
115099	-250.0
115159	-430.0
115199	-308.0
115250	-314.0
115411	-324.0
115520	-306.0
115563	-338.0
115603	-262.0
115744	-322.0
115764	-192.0
115815	-344.0
115869	-308.0
115988	-336.0
116001	78.0
116137	-340.0
116261	-336.0
116369	-324.0
116394	-266.0
116557	-314.0
116673	-322.0
116874	-288.0
116920	-326.0
117025	-326.0
117066	-318.0
117089	-346.0
117127	-200.0
117188	-248.0
117335	-338.0
117463	-338.0
117501	-272.0
117626	-330.0
117827	-150.0
117903	-326.0
117975	-232.0
118020	-212.0
118153	-320.0
118275	-340.0
118348	-346.0
118457	-332.0
118510	-392.0
118552	-474.0
118675	-318.0
118876	-166.0
119049	-312.0
119087	-372.0
119154	-380.0
119296	-338.0
119409	-314.0
119448	-282.0
119610	-314.0
119695	-472.0
119786	-502.0
119852	-230.0
120001	-66.0
120043	-264.0
120078	-282.0
120210	-306.0
120265	-242.0
120386	-312.0
120446	-286.0
120546	-330.0
120597	-234.0
120798	-30.0
120852	-474.0
120898	-194.0
121033	-334.0
121080	-318.0
121203	-318.0
121251	-206.0
121375	-320.0
121516	-332.0
121571	-288.0
121643	-456.0
121672	-208.0
121800	-314.0
121951	-332.0
121980	-200
122133	-326.0
122226	-320.0
122339	-344.0
122472	-318.0
122605	-310.0
122780	-328.0
122870	-298.0
122909	-366.0
122956	-266.0
123044	-364.0
123092	-334.0
123273	-332.0
123427	-330.0
123533	-318.0
123688	-342.0
123743	-284.0
123790	-386.0
123947	-304.0
123999	-324.0
124001	160.0
124049	-368.0
124202	-332.0
124349	-322.0
124463	-344.0
124503	-240.0
124549	-340.0
124632	-278.0
124665	-252.0
124753	-294.0
124903	-308.0
125093	-302.0
125160	-230.0
125329	-320.0
125452	-320.0
125498	-234.0
125535	-208.0
125680	-350.0
125868	-324.0
125993	-322.0
126037	-446.0
126068	-320.0
126269	-260.0
126391	-318.0
126540	-322.0
126625	-204.0
126778	-334.0
126929	-320.0
127020	-374.0
127114	-270.0
127223	-310.0
127331	-308.0
127372	-236.0
127395	-292.0
127471	-358.0
127512	-318.0
127633	-306.0
127673	-358.0
127800	-330.0
127905	-316.0
127958	-372.0
128001	18.0
128077	-326.0
128222	-316.0
128276	-398.0
128321	-250.0
128387	-244.0
128551	-326.0
128619	-282.0
128734	-332.0
128858	-316.0
128910	-474.0
129033	-330.0
129162	-336.0
129226	-332.0
129251	-292.0
129309	-368.0
129421	-328.0
129531	-312.0
129732	-228.0
129871	-312.0
129966	-324.0
130167	-294.0
130231	-292.0
130298	-300.0
130346	-202.0
130388	-398.0
130536	-340.0
130599	-400.0
130654	-344.0
130816	-318.0
130946	-312.0
131074	-314.0
131187	-316.0
131231	-332.0
131277	-312.0
131405	-326.0
131535	-332.0
131697	-334.0
131777	-420.0
131828	-386.0
131970	-340.0
132001	450.0
132100	-324.0
132227	-280.0
132288	-300.0
132488	-232.0
132534	-240.0
132588	-324.0
132789	-254.0
132838	-292.0
133039	-302.0
133154	-300.0
133242	-322.0
133353	-326.0
133403	-396.0
133426	-270
133539	-354.0
133647	-324.0
133695	-216.0
133864	-318.0
133904	-348.0
133939	-216.0
134139	-112.0
134183	-220.0
134313	-302.0
134344	-316.0
134545	-308.0
134720	-330.0
134865	-334.0
135011	-316.0
135118	-312.0
135240	-302.0
135357	-324.0
135541	-318.0
135651	-384.0
135701	-216.0
135737	-368.0
135860	-314.0
135919	-244.0
136120	738.0
136148	-280
136241	-294.0
136442	-294.0
136489	-258.0
136543	-318.0
136575	-244.0
136615	-342.0
136782	-330.0
136845	-238.0
136888	-348.0
137089	-210.0
137206	-324.0
137407	-236.0
137525	-304.0
137668	-328.0
137869	-210.0
138036	-312.0
138189	-328.0
138226	-246.0
138271	-242.0
138322	-400.0
138428	-298.0
138523	-346.0
138555	-246.0
138595	-454.0
138627	-272.0
138680	-244.0
138721	-292.0
138837	-308.0
139037	-102.0
139088	-326.0
139193	-328.0
139234	-336.0
139362	-322.0
139396	-228.0
139596	-96.0
139779	-330.0
139820	-392.0
139898	-260.0
139986	-286.0
140001	142.0
140101	-398.0
140188	-318.0
140223	-316.0
140275	-312.0
140463	-314.0
140613	-330.0
140755	-306.0
140800	-274.0
140858	-474.0
140904	-258.0
141032	-318.0
141055	-198.0
141133	-286.0
141188	-402.0
141301	-332.0
141341	-400.0
141376	-282.0
141410	-242.0
141449	-312.0
141552	-316.0
141617	-306.0
141661	-456.0
141741	-260.0
141788	-242.0
141839	-194.0
142040	-230.0
142080	-260
142197	-328.0
142279	-334.0
142307	-238.0
142380	-302.0
142514	-318.0
142578	-418.0
142642	-302.0
142721	-280.0
142799	-346.0
142856	-304.0
142892	-254.0
143005	-334.0
143114	-330.0
143191	-378.0
143239	-280.0
143285	-202.0
143486	-70.0
143561	-386.0
143619	-238.0
143663	-408.0
143730	-298.0
143818	-322.0
143946	-342.0
144001	-96.0
144047	-284.0
144095	-192.0
144156	-298.0
144258	-206.0
144442	-322.0
144489	-484.0
144603	-342.0
144668	-400.0
144779	-322.0
144895	-320.0
144964	-220.0
145089	-318.0
145140	-396.0
145213	-394.0
145235	-300
145339	-316.0
145540	-182.0
145638	-318.0
145722	-320.0
145770	-198.0
145807	-286.0
145998	-322.0
146072	-284.0
146158	-242.0
146200	-206.0
146269	-278.0
146355	-300.0
146477	-312.0
146536	-282.0
146589	-426.0
146665	-284.0
146768	-330.0
146883	-330.0
146983	-306.0
147023	-314.0
147085	-216.0
147121	-248.0
147230	-326.0
147268	-244.0
147367	-360.0
147485	-322.0
147611	-328.0
147711	-284.0
147745	-316.0
147783	-202.0
147941	-324.0
147972	-194.0
148001	36.0
148202	-146.0
148321	-322.0
148396	-240.0
148457	-228.0
148569	-336.0
148738	-328.0
148766	-342.0
148821	-228.0
148916	-310.0
149029	-330.0
149062	-314.0
149122	-272.0
149260	-330.0
149310	-476.0
149458	-320.0
149558	-320.0
149591	-210
149660	-280.0
149838	-318.0
149982	-318.0
150072	-314.0
150198	-342.0
150257	-216.0
150367	-582.0
150446	-276.0
150482	-434.0
150533	-288.0
150698	-316.0
150874	-340.0
151075	-144.0
151275	-172.0
151310	-306.0
151454	-334.0
151655	-98.0
151856	-264.0
151965	-304.0
152001	4.0
152202	-240.0
152228	-206.0
152350	-328.0
152550	-260.0
152605	-312.0
152658	-280.0
152701	-302.0
152734	-230.0
152805	-334.0
153002	-294.0
153063	-428.0
153181	-324.0
153283	-330.0
153328	-260.0
153464	-318.0
153559	-264.0
153706	-342.0
153755	-430.0
153796	-226.0
153824	-238.0
153897	-382.0
154006	-334.0
154114	-322.0
154234	-362.0
154363	-326.0
154564	-208.0
154589	-234.0
154653	-388.0
154719	-248.0
154859	-330.0
155006	-316.0
155140	-340.0
155247	-322.0
155288	-262.0
155419	-326.0
155458	-336.0
155564	-324.0
155629	-432.0
155743	-310.0
155882	-332.0
155935	-276.0
156001	112.0
156202	-132.0
156318	-330.0
156373	-256.0
156461	-268.0
156518	-314.0
156615	-326.0
156644	-254.0
156776	-330.0
156923	-340.0
157039	-360.0
157129	-324.0
157330	12.0
157447	-338.0
157544	-336.0
157592	-342.0
157748	-306.0
157840	-328.0
157929	-316.0
158049	-336.0
158200	-316.0
158257	-322.0
158315	-292.0
158369	-266.0
158481	-332.0
158518	-318.0
158586	-506.0
158710	-328.0
158863	-320.0
158903	-372.0
158957	-318.0
159024	-260.0
159131	-314.0
159231	-328.0
159294	-362.0
159344	-220.0
159456	-298.0
159592	-324.0
159642	-296.0
159723	-394.0
159784	-250.0
159885	-314.0
160001	224.0
160140	-308.0
160277	-324.0
160402	-314.0
160540	-316.0
160672	-328.0
160786	-376.0
160987	-246.0
161114	-312.0
161289	-324.0
161490	-268.0
161591	-304.0
161757	-330.0
161800	-282.0
161870	-342.0
161941	-360.0
161991	-282.0
162027	-188.0
162077	-286.0
162232	-318.0
162317	-414.0
162480	-168.0
162502	-196.0
162603	-340.0
162633	-264.0
162724	-334.0
162873	-344.0
163013	-320.0
163076	-316.0
163121	-224.0
163283	-312.0
163421	-314.0
163569	-334.0
163691	-316.0
163730	-314.0
163878	-322.0
164001	-344.0
164128	-310.0
164254	-300.0
164455	-68.0
164565	-312.0
164660	-430.0
164695	-376.0
164844	-340.0
164930	-308.0
164982	-338.0
165034	-278.0
165084	-272.0
165149	-272.0
165295	-318.0
165443	-328.0
165518	-338.0
165556	-198.0
165599	-374.0
165727	-330.0
165828	-316.0
166029	-42.0
166101	-258.0
166206	-338.0
166261	-258.0
166298	-208.0
166478	-318.0
166606	-332.0
166806	-258.0
166930	-328.0
167057	-328.0
167093	-242.0
167178	-288.0
167379	-282.0
167428	-402.0
167520	-326.0
167561	-274.0
167664	-298.0
167728	-252.0
167779	-344.0
167918	-316.0
168001	-94.0
168202	-278.0
168234	-216.0
168362	-306.0
168530	-336.0
168606	-344.0
168659	-304.0
168694	-216.0
168740	-364.0
168815	-376.0
168868	-284.0
169069	-232.0
169117	-300.0
169287	-342.0
169336	-240.0
169489	-308.0
169690	-172.0
169756	-316.0
169957	-296.0
170065	-316.0
170205	-320.0
170360	-322.0
170396	-356.0
170420	-284.0
170465	-198.0
170501	-224.0
170548	-248.0
170584	-194.0
170631	-342.0
170681	-216.0
170786	-320.0
170894	-326.0
171067	-318.0
171114	-204.0
171246	-344.0
171300	-342.0
171352	-386.0
171398	-406.0
171528	-322.0
171729	-118.0
171798	-288.0
171822	-388.0
171929	-326.0
171995	-454.0
172001	190.0
172062	-310.0
172118	-302.0
172188	-294.0
172296	-308.0
172345	-312.0
172394	-210.0
172503	-314.0
172703	-236.0
172808	-308.0
172918	-320.0
173029	-304.0
173109	-340.0
173161	-350.0
173215	-238.0
173266	-274.0
173467	-328.0
173581	-332.0
173694	-354.0
173790	-318.0
173991	28.0
174182	-312.0
174256	-206.0
174369	-320.0
174508	-326.0
174636	-330.0
174769	-334.0
174854	-278.0
174898	-354.0
175017	-336.0
175119	-414.0
175150	-192.0
175307	-342.0
175508	-104.0
175538	-240
175658	-322.0
175715	-356.0
175885	-330.0
175944	-312.0
176001	556.0
176052	-330.0
176161	-316.0
176300	-316.0
176351	-278.0
176441	-294.0
176520	-232.0
176652	-346.0
176681	-224.0
176717	-254.0
176817	-420.0
176842	-216.0
177043	-238.0
177090	-200.0
177131	-294.0
177226	-308.0
177268	-290.0
177371	-308.0
177399	-220
177435	-194.0
177628	-322.0
177731	-296.0
177770	-344.0
177812	-260.0
177995	-328.0
178063	-266.0
178264	36.0
178440	-326.0
178501	-344.0
178525	-298.0
178673	-330.0
178874	-108.0
178957	-298.0
179082	-336.0
179256	-316.0
179412	-328.0
179488	-346.0
179550	-352.0
179669	-344.0
179713	-264.0
179828	-286.0
179945	-306.0
179975	-294.0
180001	252.0
180063	-248.0
180109	-334.0
180233	-310.0
180268	-378.0
180421	-330.0
180471	-250.0
180532	-348.0
180582	-386.0
180624	-226.0
180754	-338.0
180802	-304.0
180931	-328.0
181132	-118.0
181333	-158.0
181406	-328.0
181441	-216.0
181528	-330.0
181584	-372.0
181659	-410.0
181714	-396.0
181880	-320.0
182081	-244.0
182122	-334.0
182162	-272.0
182292	-342.0
182478	-348.0
182641	-328.0
182800	-332.0
182930	-342.0
183030	-352.0
183082	-290.0
183218	-346.0
183339	-348.0
183390	-372.0
183455	-344.0
183492	-290.0
183693	-264.0
183758	-306.0
183892	-334.0
184093	826.0
184198	-328.0
184249	-256.0
184450	-288.0
184515	-382.0
184640	-320.0
184678	-276.0
184741	-260.0
184811	-310.0
184901	-294.0
184953	-296.0
185097	-324.0
185130	-196.0
185274	-338.0
185308	-332.0
185447	-338.0
185617	-332.0
185737	-324.0
185785	-234.0
185835	-366.0
185999	-324.0
186176	-314.0
186262	-298.0
186304	-214.0
186339	-208.0
186458	-316.0
186633	-312.0
186784	-326.0
186985	-114.0
187091	-304.0
187122	-318.0
187174	-372.0
187271	-320.0
187471	-224.0
187626	-312.0
187795	-306.0
187960	-342.0
188001	330.0
188084	-320.0
188128	-204.0
188329	-278.0
188376	-220.0
188435	-234.0
188574	-324.0
188702	-330.0
188791	-314.0
188927	-340.0
189062	-304.0
189200	-322.0
189307	-332.0
189346	-194.0
189543	-330.0
189718	-324.0
189782	-364.0
189913	-324.0
189974	-256.0
190175	-2.0
190201	-274.0
190330	-336.0
190531	-132.0
190637	-326.0
190788	-332.0
190881	-302.0
191032	-336.0
191233	4.0
191434	-2.0
191492	-240.0
191525	-334.0
191655	-328.0
191722	-420.0
191923	28.0
192001	-40.0
192054	-252.0
192096	-256.0
192210	-306.0
192411	-136.0
192563	-326.0
192658	-312.0
192767	-322.0
192968	-296.0
193147	-322.0
193233	-368.0
193302	-346.0
193503	-278.0
193632	-324.0
193688	-228.0
193724	-234.0
193763	-212.0
193865	-310.0
193898	-246.0
193995	-308.0
194173	-322.0
194214	-260.0
194260	-458.0
194327	-232.0
194405	-312.0
194453	-336.0
194552	-266.0
194600	-256.0
194777	-318.0
194914	-320.0
195115	-46.0
195260	-330.0
195368	-322.0
195569	-6.0
195659	-314.0
195770	-248.0
195919	-318.0
196001	-102.0
196202	-306.0
196293	-326.0
196432	-332.0
196541	-326.0
196580	-256.0
196634	-232.0
196773	-336.0
196820	-256.0
196948	-338.0
196989	-342.0
197081	-314.0
197219	-308.0
197398	-336.0
197599	-56.0
197687	-262.0
197888	-116.0
197925	-254.0
197972	-244.0
198044	-228.0
198102	-390.0
198148	-232.0
198279	-312.0
198415	-316.0
198478	-354.0
198519	-260.0
198720	-260.0
198921	-314.0
199062	-336.0
199148	-354.0
199194	-246.0
199249	-360.0
199355	-354.0
199443	-398.0
199483	-256.0
199534	-232.0
199586	-368.0
199624	-374.0
199757	-326.0
199865	-312.0
199905	-196.0
199979	-258.0
200001	466.0
200202	-270.0
200364	-306.0
200406	-370.0
200450	-206.0
200489	-232.0
200602	-324.0
200741	-330.0
200896	-342.0
201069	-314.0
201249	-334.0
201291	-262.0
201492	-326.0
201567	-326.0
201692	-346.0
201842	-344.0
202043	-6.0
202187	-316.0
202239	-344.0
202369	-336.0
202552	-350.0
202652	-326.0
202765	-342.0
202881	-330.0
202987	-328.0
203144	-304.0
203196	-266.0
203338	-332.0
203372	-384.0
203482	-324.0
203651	-322.0
203827	-318.0
204001	-72.0
204051	-460.0
204086	-220.0
204151	-362.0
204255	-312.0
204283	-260
204331	-444.0
204353	-222.0
204554	36.0
204754	-228.0
204898	-330.0
204935	-314.0
204991	-232.0
205093	-320.0
205196	-324.0
205279	-304.0
205395	-330.0
205492	-316.0
205625	-332.0
205790	-318.0
205918	-336.0
205944	-296.0
205992	-404.0
206031	-360.0
206080	-312.0
206134	-400.0
206334	34.0
206498	-298.0
206535	-284.0
206698	-330.0
206756	-230.0
206862	-220.0
207009	-314.0
207139	-346.0
207233	-442.0
207365	-320.0
207413	-402.0
207445	-352.0
207576	-390.0
207605	-358.0
207707	-310.0
207818	-338.0
207999	-326.0
208001	354.0
208068	-288.0
208269	-236.0
208313	-388.0
208514	30.0
208655	-336.0
208799	-330.0
208920	-320.0
208997	-306.0
209198	14.0
209244	-316.0
209288	-194.0
209388	-314.0
209431	-228.0
209632	-290.0
209664	-306.0
209771	-332.0
209972	-338.0
210167	-292.0
210310	-346.0
210487	-332.0
210595	-320.0
210660	-318.0
210712	-276.0
210768	-454.0
210829	-316.0
210884	-352.0
210960	-510.0
211122	-336.0
211156	-242.0
211302	-334.0
211425	-318.0
211495	-464.0
211659	-308.0
211860	-124.0
211890	-272.0
212001	672.0
212043	-284.0
212067	-202.0
212268	-200.0
212469	-328.0
212669	-148.0
212836	-296.0
212988	-330.0
213189	-200.0
213245	-270.0
213446	36.0
213647	-152.0
213814	-324.0
213877	-278.0
214078	-116.0
214231	-330.0
214275	-292.0
214295	-224.0
214349	-278.0
214383	-214.0
214584	-262.0
214628	-190.0
214693	-380.0
214808	-322.0
214849	-362.0
214990	-338.0
215049	-276.0
215113	-434.0
215314	-102.0
215350	-204.0
215399	-288.0
215437	-204.0
215575	-320.0
215682	-344.0
215883	-28.0
215943	-370.0
216001	-574.0
216070	-206.0
216270	-204.0
216471	-258.0
216671	32.0
216758	-326.0
216926	-324.0
217066	-330.0
217131	-292.0
217186	-310.0
217387	-278.0
217552	-336.0
217614	-262.0
217814	-300.0
217931	-318.0
218132	-270.0
218173	-266.0
218215	-388.0
218374	-338.0
218409	-248.0
218502	-318.0
218703	24.0
218792	-298.0
218846	-358.0
219012	-336.0
219126	-324.0
219190	-200.0
219244	-300.0
219305	-270.0
219424	-196.0
219590	-334.0
219622	-324.0
219739	-310.0
219796	-374.0
219819	-298.0
219931	-332.0
219973	-270.0
220001	532.0
220202	-188.0
220316	-320.0
220375	-336.0
220576	-150.0
220709	-332.0
220849	-342.0
220994	-316.0
221029	-296.0
221175	-334.0
221342	-334.0
221542	28.0
221676	-314.0
221718	-290
221872	-314.0
221993	-318.0
222084	-290.0
222201	-314.0
222349	-326.0
222443	-334.0
222625	-316.0
222826	6.0
222886	-290.0
223086	-280.0
223249	-326.0
223450	-250.0
223578	-316.0
223683	-328.0
223884	-216.0
223991	-326.0
224001	386.0
224105	-318.0
224228	-318.0
224281	-358.0
224437	-342.0
224593	-316.0
224702	-326.0
224754	-260.0
224869	-330.0
224953	-320.0
225004	-258.0
225205	-172.0
225371	-310.0
225513	-324.0
225714	-266.0
225805	-328.0
225951	-322.0
226152	-244.0
226281	-344.0
226334	-266.0
226534	-308.0
226575	-266.0
226776	-276.0
226969	-574.0
227170	-300.0
227226	-308.0
227426	-148.0
227610	-304.0
227798	-312.0
227834	-300
227951	-268.0
228001	-396.0
228092	-308.0
228214	-322.0
228415	-108.0
228571	-316.0
228635	-422.0
228777	-334.0
228916	-182.0
228954	-362.0
229114	-326.0
229252	-310.0
229452	32.0
229598	-314.0
229766	-316.0
229898	-340.0
229939	-344.0
229990	-208.0
230127	-334.0
230247	-396.0
230340	-314.0
230541	-238.0
230580	-286.0
230707	-292.0
230771	-240.0
230825	-354.0
230876	-332.0
231002	-346.0
231203	-210.0
231298	-312.0
231356	-328.0
231489	-326.0
231689	-144.0
231734	-194.0
231935	-314.0
232136	854.0
232231	-306.0
232264	-312.0
232464	2.0
232554	-320.0
232754	-250.0
232813	-408.0
232955	-330.0
233155	36.0
233197	-290.0
233240	-374.0
233441	-212.0
233642	20.0
233843	-308.0
234029	-274.0
234230	28.0
234314	-278.0
234515	32.0
234671	-316.0
234719	-464.0
234920	-274.0
234970	-260
235120	-332.0
235200	-362.0
235401	30.0
235602	34.0
235663	-456.0
235832	-316.0
235860	-268.0
236001	-244.0
236058	-420
236259	-182.0
236333	-448.0
236371	-246.0
236506	-342.0
236639	-328.0
236840	-252.0
237041	-8.0
237105	-270.0
237143	-272.0
237175	-304.0
237335	-334.0
237367	-236.0
237458	-338.0
237511	-238.0
237682	-330.0
237776	-324.0
237866	-330.0
237975	-314.0
238034	-254.0
238191	-338.0
238320	-282.0
238364	-264.0
238423	-282.0
238509	-302.0
238710	-180.0
238911	-268.0
238947	-388.0
239088	-316.0
239138	-402.0
239234	-330.0
239360	-320.0
239458	-418.0
239619	-342.0
239655	-416.0
239761	-356.0
239873	-306.0
240001	152.0
240060	-284.0
240253	-306.0
240299	-354.0
240377	-384.0
240578	-188.0
240635	-358.0
240761	-328.0
240937	-322.0
241082	-338.0
241283	30.0
241484	-274.0
241560	-544.0
241710	-334.0
241841	-336.0
241904	-504.0
241960	-370.0
242084	-304.0
242285	36.0
242486	-184.0
242609	-404.0
242740	-336.0
242851	-410.0
242895	-324.0
243058	-308.0
243259	-124.0
243367	-302.0
243501	-338.0
243702	-260.0
243815	-324.0
244001	984.0
244202	44.0
244243	-316.0
244377	-390.0
244498	-348.0
244699	28.0
244851	-334.0
244881	-210
244950	-226.0
245022	-260.0
245147	-326.0
245256	-336.0
245396	-348.0
245597	-140.0
245798	-116.0
245855	-288.0
246056	32.0
246085	-226.0
246215	-336.0
246411	-332.0
246549	-330.0
246652	-322.0
246779	-306.0
246980	30.0
247181	-4.0
247381	28.0
247403	-194.0
247465	-324.0
247666	24.0
247728	-232.0
247929	20.0
248001	636.0
248120	-308.0
248242	-318.0
248285	-404.0
248486	28.0
248686	34.0
248887	34.0
248938	-378.0
249139	30.0
249296	-352.0
249417	-328.0
249617	34.0
249818	34.0
249850	-324.0
249887	-304.0
249985	-316.0
250177	-392.0
250226	-392.0
250427	36.0
250628	-74.0
250672	-254.0
250768	-366.0
250915	-316.0
251071	-346.0
251114	-424.0
251314	32.0
251514	24.0
251554	-292.0
251744	-322.0
251845	-324.0
252046	1062.0
252085	-338.0
252177	-314.0
252378	-234.0
252579	-216.0
252621	-396.0
252654	-414.0
252785	-318.0
252945	-308.0
253146	-66.0
253180	-196.0
253381	26.0
253582	-320.0
253607	-282.0
253713	-342.0
253824	-318.0
253843	-230
254044	28.0
254122	-318.0
254246	-342.0
254447	30.0
254510	-268.0
254711	-116.0
254912	-82.0
254967	-258.0
255167	20.0
255368	26.0
255569	30.0
255672	-278.0
255795	-318.0
255910	-314.0
255949	-200.0
256001	-40.0
256122	-338.0
256323	34.0
256415	-326.0
256530	-348.0
256556	-236.0
256757	36.0
256958	-294.0
257096	-328.0
257297	32.0
257498	36.0
257699	30.0
257731	-296.0
257932	38.0
257991	-282.0
258192	28.0
258392	-88.0
258558	-302.0
258737	-314.0
258804	-312.0
258871	-248.0
258917	-404.0
258967	-226.0
259001	-316.0
259202	38.0
259403	22.0
259448	-354.0
259554	-324.0
259613	-318.0
259762	-328.0
259807	-198.0
260008	1088.0
260096	-272.0
260226	-342.0
260406	-332.0
260521	-338.0
260722	-74.0
260840	-328.0
261040	-114.0
261241	36.0
261411	-344.0
261612	-258.0
261695	-342.0
261767	-294.0
261886	-300.0
262018	-324.0
262079	-406.0
262100	-230
262220	-316.0
262278	-460.0
262385	-336.0
262569	-332.0
262770	36.0
262854	-304.0
262946	-316.0
262977	-374.0
263178	34.0
263251	-352.0
263452	26.0
263590	-326.0
263711	-324.0
263912	28.0
264001	668.0
264202	-262.0
264402	32.0
264603	30.0
264804	34.0
264830	-276.0
264966	-326.0
265167	32.0
265368	38.0
265569	30.0
265690	-320.0
265715	-188.0
265908	-314.0
266109	34.0
266228	-458.0
266274	-322.0
266475	28.0
266676	38.0
266717	-292.0
266918	26.0
267119	38.0
267320	32.0
267420	-318.0
267511	-320.0
267567	-222.0
267654	-312.0
267854	-180.0
267903	-282.0
268001	188.0
268035	-294.0
268083	-408.0
268182	-344.0
268340	-310.0
268541	42.0
268670	-326.0
268871	34.0
269072	38.0
269148	-286.0
269201	-284.0
269241	-380
269278	-338.0
269321	-434.0
269522	36.0
269722	46.0
269783	-344.0
269984	38.0
270184	-222.0
270280	-308.0
270324	-234.0
270525	36.0
270646	-312.0
270768	-330.0
270969	28.0
271118	-326.0
271158	-250.0
271359	18.0
271532	-340.0
271733	24.0
271898	-334.0
272001	626.0
272065	-314.0
272266	30.0
272467	26.0
272668	20.0
272710	-356.0
272911	20.0
273038	-318.0
273238	28.0
273439	32.0
273640	34.0
273841	20.0
273902	-226.0
273940	-288.0
274141	18.0
274342	26.0
274449	-322.0
274650	-244.0
274851	16.0
275052	26.0
275072	-286.0
275273	28.0
275366	-314.0
275497	-338.0
275678	-324.0
275879	22.0
276001	720.0
276202	24.0
276402	20.0
276603	28.0
276803	28.0
276947	-320.0
277148	20.0
277349	28.0
277550	24.0
277748	-304.0
277809	-276.0
277940	-330.0
278141	32.0
278342	26.0
278507	-340.0
278707	30.0
278908	28.0
279108	20.0
279309	28.0
279423	-320.0
279624	24.0
279825	22.0
279860	-286.0
280060	1190.0
280163	-316.0
280364	20.0
280483	-352.0
280596	-336.0
280768	-330.0
280968	24.0
281169	26.0
281370	20.0
281571	28.0
281772	32.0
281806	-298.0
282007	-208.0
282058	-332.0
282259	-314.0
282342	-398.0
282543	18.0
282681	-328.0
282801	-336.0
283002	28.0
283203	20.0
283404	-272.0
283465	-342.0
283666	24.0
283866	20.0
284001	1008.0
284202	24.0
284403	28.0
284515	-318.0
284716	30.0
284917	26.0
285118	24.0
285225	-328.0
285276	-260.0
285420	-336.0
285621	28.0
285822	24.0
285960	-344.0
286087	-344.0
286144	-428.0
286239	-234.0
286270	-298.0
286471	24.0
286672	20.0
286873	26.0
287073	28.0
287274	18.0
287304	-214.0
287505	24.0
287706	-176.0
287829	-350.0
288030	1152.0
288231	22.0
288432	-158.0
288582	-322.0
288783	24.0
288830	-328.0
289031	26.0
289052	-288.0
289170	-314.0
289370	24.0
289411	-344.0
289611	24.0
289650	-296.0
289850	18.0
289977	-340.0
290125	-306.0
290173	-304.0
290373	18.0
290574	20.0
290646	-468.0
290694	-236.0
290738	-308.0
290938	20.0
291139	28.0
291175	-364.0
291305	-340.0
291506	32.0
291707	22.0
291824	-320.0
292025	1240.0
292226	24.0
292426	22.0
292627	28.0
292828	26.0
292854	-318.0
293055	20.0
293135	-370.0
293336	28.0
293537	22.0
293738	26.0
293939	26.0
294140	28.0
294341	24.0
294425	-338.0
294626	30.0
294665	-402.0
294866	26.0
295067	24.0
295267	22.0
295319	-320
295519	30.0
295720	20.0
295836	-348.0
295962	-326.0
296001	776.0
296116	-334.0
296317	28.0
296518	28.0
296707	-248.0
296753	-288.0
296954	14.0
297040	-252.0
297241	14.0
297442	26.0
297642	20.0
297843	24.0
297960	-518.0
298161	24.0
298254	-324.0
298454	22.0
298655	14.0
298856	24.0
298972	-314.0
299173	24.0
299298	-340.0
299339	-366.0
299540	22.0
299648	-292.0
299698	-378.0
299899	22.0
300001	2.0
300202	26.0
300347	-340.0
300548	24.0
300748	18.0
300872	-352.0
301073	18.0
301105	-336.0
301306	-84.0
301506	20.0
301707	28.0
301908	26.0
301930	-196.0
302130	26.0
302331	18.0
302365	-198.0
302566	14.0
302767	24.0
302800	-378.0
303001	16.0
303202	28.0
303250	-374.0
303451	-278.0
303652	12.0
303853	30.0
303897	-314.0
304098	1242.0
304299	20.0
304500	26.0
304541	-396.0
304609	-270.0
304810	22.0
305011	-186.0
305212	24.0
305412	24.0
305613	20.0
305772	-336.0
305973	22.0
306017	-414.0
306218	30.0
306418	22.0
306619	24.0
306654	-278.0
306855	28.0
307055	20.0
307131	-242.0
307332	14.0
307533	24.0
307570	-364.0
307738	-336.0
307908	-340.0
308109	1228.0
308310	32.0
308511	24.0
308549	-394.0
308750	26.0
308951	34.0
309001	-308.0
309202	22.0
309402	26.0
309440	-232.0
309640	28.0
309673	-218.0
309873	30.0
309921	-364.0
310121	16.0
310322	30.0
310364	-494.0
310565	20.0
310766	24.0
310967	24.0
311016	-392.0
311217	20.0
311418	28.0
311618	26.0
311665	-342.0
311741	-384.0
311942	24.0
311974	-348.0
312001	218.0
312202	30.0
312262	-346.0
312463	26.0
312664	24.0
312784	-352.0
312985	24.0
313011	-316.0
313139	-340.0
313340	24.0
313460	-324.0
313501	-278.0
313701	18.0
313902	20.0
313948	-488.0
314088	-332.0
314201	-354.0
314306	-324.0
314506	22.0
314550	-364.0
314750	30.0
314951	16.0
315152	22.0
315353	30.0
315554	32.0
315754	22.0
315955	24.0
316001	894.0
316202	26.0
316402	26.0
316603	24.0
316803	24.0
316911	-338.0
317021	-350.0
317222	28.0
317423	20.0
317624	16.0
317654	-338.0
317855	18.0
317945	-324.0
318129	-338.0
318329	22.0
318530	14.0
318731	16.0
318932	24.0
319133	16.0
319272	-338.0
319473	20.0
319674	30.0
319715	-354.0
319916	28.0
320010	744.0
320137	-324.0
320337	16.0
320538	32.0
320739	18.0
320783	-324.0
320984	18.0
321184	18.0
321384	32.0
321585	24.0
321606	-368.0
321807	22.0
321886	-342.0
322086	26.0
322287	22.0
322328	-506.0
322441	-316.0
322642	22.0
322679	-276.0
322879	26.0
322916	-350.0
323117	28.0
323293	-340.0
323494	24.0
323551	-250.0
323752	26.0
323953	18.0
324001	1070.0
324201	18.0
324233	-278.0
324434	18.0
324635	24.0
324689	-446.0
324745	-252.0
324946	22.0
325147	24.0
325234	-306.0
325277	-224.0
325477	18.0
325523	-410.0
325724	20.0
325925	14.0
325956	-286.0
326157	18.0
326357	22.0
326558	18.0
326759	20.0
326789	-338.0
326990	20.0
327190	22.0
327391	18.0
327592	28.0
327793	22.0
327890	-346.0
328091	1120.0
328291	20.0
328399	-346.0
328600	20.0
328801	20.0
329002	16.0
329203	26.0
329404	22.0
329453	-406.0
329654	14.0
329855	-164.0
329902	-384.0
330103	18.0
330304	12.0
330330	-306.0
330531	16.0
330732	24.0
330932	18.0
330980	-306.0
331015	-320.0
331046	-248.0
331247	18.0
331380	-342.0
331532	-306.0
331733	28.0
331868	-334.0
332069	1166.0
332164	-316.0
332365	30.0
332398	-298.0
332599	26.0
332799	14.0
333000	16.0
333069	-392.0
333270	26.0
333292	-206.0
333343	-204.0
333544	20.0
333576	-348.0
333695	-318.0
333896	22.0
333937	-376.0
334031	-332.0
334167	-344.0
334239	-282.0
334440	24.0
334641	26.0
334714	-366.0
334772	-328.0
334972	26.0
335173	22.0
335218	-244.0
335419	22.0
335620	18.0
335641	-226.0
335819	-336.0
336020	1140.0
336087	-326.0
336288	16.0
336489	20.0
336559	-360.0
336760	30.0
336809	-356.0
337010	24.0
337211	44.0
337412	20.0
337613	20.0
337661	-236.0
337714	-334.0
337915	22.0
338116	26.0
338150	-314.0
338188	-234.0
338297	-334.0
338498	20.0
338637	-336.0
338838	26.0
338866	-310
339067	24.0
339267	30.0
339289	-320
339489	26.0
339546	-364.0
339647	-486.0
339848	28.0
339889	-356.0
340001	192.0
340201	20.0
340314	-322.0
340514	22.0
340562	-310.0
340763	22.0
340806	-344.0
341007	16.0
341058	-548.0
341259	-220.0
341460	30.0
341588	-342.0
341789	22.0
341833	-266.0
342033	14.0
342233	22.0
342263	-266.0
342305	-346.0
342506	24.0
342706	40.0
342758	-476.0
342959	24.0
342989	-254.0
343190	16.0
343230	-358.0
343430	32.0
343631	26.0
343832	22.0
343869	-296.0
344069	1146.0
344270	24.0
344471	20.0
344672	24.0
344784	-524.0
344985	22.0
345110	-336.0
345311	24.0
345373	-504.0
345495	-342.0
345695	24.0
345795	-372.0
345996	18.0
346059	-424.0
346216	-324.0
346417	24.0
346454	-306.0
346655	20.0
346713	-396.0
346914	22.0
346962	-352.0
347163	20.0
347364	20.0
347564	20.0
347620	-362.0
347820	28.0
348021	1130.0
348222	18.0
348422	24.0
348459	-246.0
348660	26.0
348861	22.0
348900	-484.0
348964	-286.0
349165	22.0
349366	20.0
349473	-344.0
349674	14.0
349874	32.0
349999	-350.0
350199	20.0
350400	28.0
350473	-318.0
350674	22.0
350875	22.0
351076	22.0
351277	16.0
351326	-344.0
351527	24.0
351727	24.0
351928	34.0
352129	1138.0
352181	-394.0
352382	28.0
352582	22.0
352623	-282.0
352672	-436.0
352719	-300
352920	-212.0
353121	24.0
353321	18.0
353351	-238.0
353551	20.0
353593	-428.0
353747	-326.0
353948	22.0
354068	-340.0
354269	14.0
354470	18.0
354671	24.0
354872	26.0
355073	20.0
355193	-356.0
355394	18.0
355595	24.0
355796	12.0
355823	-246.0
356024	1164.0
356081	-334.0
356132	-384.0
356182	-268.0
356383	26.0
356584	24.0
356784	28.0
356821	-252.0
356880	-392.0
356915	-216.0
357116	30.0
357294	-322.0
357495	26.0
357696	20.0
357896	14.0
358097	28.0
358241	-324.0
358442	24.0
358485	-258.0
358591	-344.0
358791	14.0
358992	18.0
359120	-332.0
359217	-328.0
359417	16.0
359618	26.0
359819	24.0
359975	-348.0
360001	98.0
360202	34.0
360403	34.0
360468	-292.0
360517	-236.0
360560	-426.0
360608	-366.0
360636	-218.0
360837	22.0
360867	-238.0
361068	22.0
361118	-276.0
361319	18.0
361520	18.0
361566	-310
361767	26.0
361821	-346.0
362022	22.0
362222	32.0
362423	32.0
362624	20.0
362674	-344.0
362736	-432.0
362846	-326.0
363047	22.0
363109	-310.0
363310	26.0
363510	18.0
363641	-334.0
363841	26.0
363868	-366.0
363964	-320.0
364001	882.0
364202	24.0
364260	-234.0
364461	32.0
364520	-374.0
364720	32.0
364761	-298.0
364961	14.0
365093	-340.0
365293	24.0
365494	28.0
365525	-256.0
365726	-204.0
365927	30.0
365964	-228.0
366165	22.0
366366	20.0
366408	-236.0
366609	24.0
366810	24.0
366925	-330.0
367126	22.0
367327	20.0
367367	-304.0
367568	24.0
367611	-396.0
367747	-346.0
367948	20.0
368001	1114.0
368202	26.0
368247	-254.0
368448	16.0
368532	-560.0
368733	26.0
368825	-314.0
369026	26.0
369227	26.0
369428	26.0
369459	-228.0
369576	-336.0
369777	22.0
369978	22.0
370088	-318.0
370151	-312.0
370352	26.0
370553	28.0
370590	-316.0
370791	26.0
370992	28.0
371067	-276.0
371268	24.0
371314	-342.0
371515	22.0
371642	-342.0
371843	24.0
372044	1140.0
372245	18.0
372269	-226.0
372294	-310
372495	20.0
372696	24.0
372727	-248.0
372928	20.0
373129	22.0
373330	18.0
373381	-324.0
373508	-348.0
373527	-298.0
373728	14.0
373929	20.0
373973	-418.0
374174	24.0
374375	28.0
374426	-258.0
374462	-196.0
374513	-258.0
374714	34.0
374732	-266.0
374933	24.0
375032	-316.0
375233	20.0
375433	20.0
375507	-272.0
375615	-336.0
375816	32.0
376017	1156.0
376069	-484.0
376270	18.0
376439	-330.0
376640	22.0
376841	26.0
377042	-250.0
377243	20.0
377444	16.0
377478	-358.0
377513	-238.0
377654	-334.0
377681	-228.0
377882	30.0
377961	-334.0
378162	20.0
378192	-306.0
378393	22.0
378456	-294.0
378657	16.0
378688	-204.0
378808	-324.0
379009	24.0
379057	-270
379257	18.0
379289	-194.0
379489	-226.0
379690	22.0
379714	-218.0
379915	26.0
380116	1112.0
380317	22.0
380397	-262.0
380598	24.0
380646	-244.0
380675	-298.0
380876	16.0
380916	-360
381117	24.0
381178	-266.0
381379	22.0
381526	-324.0
381546	-270
381747	30.0
381858	-318.0
382059	18.0
382106	-394.0
382307	14.0
382507	22.0
382534	-208.0
382735	24.0
382936	14.0
383137	20.0
383184	-268.0
383385	24.0
383586	22.0
383681	-320.0
383731	-388.0
383931	24.0
384132	1130.0
384333	24.0
384357	-228.0
384558	24.0
384594	-264.0
384795	24.0
384995	28.0
385015	-196.0
385170	-322.0
385371	28.0
385572	30.0
385744	-346.0
385792	-352.0
385993	26.0
386193	22.0
386237	-244.0
386438	28.0
386639	14.0
386695	-374.0
386896	22.0
386938	-372.0
387139	22.0
387339	26.0
387392	-252.0
387420	-304.0
387621	20.0
387649	-196.0
387688	-336.0
387888	30.0
388089	1132.0
388122	-350
388323	18.0
388524	12.0
388609	-322.0
388810	22.0
388936	-328.0
389136	24.0
389179	-322.0
389379	18.0
389580	22.0
389781	18.0
389982	24.0
390183	24.0
390322	-326.0
390523	26.0
390724	14.0
390852	-322.0
390923	-472.0
390956	-378.0
391068	-344.0
391158	-342.0
391270	-400.0
391470	24.0
391671	20.0
391872	22.0
392073	1148.0
392102	-218.0
392303	22.0
392504	24.0
392540	-340.0
392741	24.0
392775	-248.0
392820	-396.0
393021	24.0
393222	22.0
393422	20.0
393486	-472.0
393686	28.0
393887	24.0
393943	-406.0
394144	20.0
394196	-456.0
394397	28.0
394427	-428.0
394487	-234.0
394688	22.0
394800	-336.0
395001	24.0
395202	20.0
395233	-404.0
395434	22.0
395489	-458.0
395690	18.0
395731	-304.0
395932	28.0
395979	-418.0
396001	620.0
396202	28.0
396403	24.0
396604	18.0
396805	28.0
396898	-322.0
397099	26.0
397159	-292.0
397360	16.0
397560	24.0
397596	-204.0
397645	-316.0
397846	24.0
397886	-208.0
398087	30.0
398187	-316.0
398388	20.0
398429	-416.0
398630	26.0
398787	-344.0
398829	-286.0
399029	20.0
399230	20.0
399431	28.0
399504	-262.0
399705	18.0
399906	20.0
399926	-226.0
400127	1134.0
400265	-348.0
400466	28.0
400501	-198.0
400702	26.0
400903	24.0
400942	-198.0
401143	24.0
401204	-242.0
401405	18.0
401516	-336.0
401716	26.0
401917	20.0
402118	18.0
402146	-226.0
402346	22.0
402383	-216.0
402584	22.0
402632	-388.0
402728	-320.0
402928	26.0
403129	22.0
403329	24.0
403349	-268.0
403549	22.0
403750	14.0
403797	-336.0
403979	-314.0
404001	148.0
404129	-336.0
404159	-290
404359	24.0
404560	22.0
404761	22.0
404799	-398.0
405000	26.0
405201	36.0
405402	22.0
405603	28.0
405629	-408.0
405830	20.0
405872	-386.0
405956	-316.0
406157	26.0
406308	-340.0
406509	20.0
406635	-342.0
406836	18.0
407036	12.0
407116	-286.0
407316	26.0
407342	-378.0
407543	24.0
407744	28.0
407787	-384.0
407988	26.0
408001	248.0
408202	22.0
408254	-234.0
408345	-326.0
408444	-318.0
408645	16.0
408711	-372.0
408816	-318.0
409017	22.0
409217	20.0
409418	24.0
409490	-306.0
409691	16.0
409892	16.0
409928	-304.0
410129	22.0
410329	18.0
410530	26.0
410731	16.0
410752	-328.0
410953	16.0
410979	-318.0
411180	28.0
411200	-236.0
411401	34.0
411601	26.0
411802	24.0
411902	-420.0
412103	1134.0
412259	-344.0
412460	20.0
412661	24.0
412861	22.0
413062	22.0
413131	-294.0
413304	-340.0
413505	26.0
413585	-474.0
413786	24.0
413986	10.0
414187	16.0
414271	-302.0
414295	-198.0
414495	26.0
414696	16.0
414831	-382.0
415032	18.0
415233	20.0
415281	-444.0
415482	18.0
415682	26.0
415723	-266.0
415923	22.0
415972	-324.0
416001	-322.0
416201	24.0
416255	-298.0
416456	14.0
416657	18.0
416741	-472.0
416942	20.0
417143	20.0
417183	-224.0
417384	20.0
417436	-286.0
417637	8.0
417673	-228.0
417874	30.0
418074	22.0
418275	20.0
418476	24.0
418544	-268.0
418745	20.0
418795	-334.0
418996	24.0
419197	18.0
419398	26.0
419437	-286.0
419541	-332.0
419742	20.0
419943	18.0
419993	-392.0
420001	382.0
420124	-312.0
420324	20.0
420386	-330.0
420587	24.0
420788	16.0
420989	24.0
421190	24.0
421391	20.0
421521	-344.0
421722	26.0
421923	18.0
422119	-346.0
422319	24.0
422347	-288.0
422547	14.0
422592	-346.0
422792	18.0
422842	-306.0
423043	16.0
423071	-228.0
423272	18.0
423473	34.0
423520	-250.0
423721	20.0
423921	22.0
423976	-336.0
424001	476.0
424202	24.0
424342	-342.0
424543	28.0
424580	-228.0
424781	20.0
424981	22.0
425018	-274.0
425218	26.0
425249	-316.0
425449	20.0
425484	-226.0
425684	24.0
425790	-328.0
425991	22.0
426035	-296.0
426236	26.0
426351	-332.0
426483	-656.0
426684	28.0
426742	-264.0
426943	18.0
426981	-246.0
427039	-290.0
427239	18.0
427440	24.0
427560	-338.0
427761	24.0
427962	16.0
427996	-230
428001	482.0
428202	20.0
428403	26.0
428432	-296.0
428633	22.0
428834	22.0
428892	-434.0
429093	30.0
429197	-314.0
429232	-328.0
429433	32.0
429633	22.0
429705	-280.0
429905	26.0
430066	-350.0
430266	22.0
430467	20.0
430496	-250
430697	26.0
430898	20.0
431099	30.0
431300	16.0
431500	30.0
431701	22.0
431745	-294.0
431946	20.0
432001	304.0
432202	26.0
432403	28.0
432535	-448.0
432736	20.0
432937	20.0
432985	-546.0
433186	14.0
433301	-330.0
433434	-342.0
433634	22.0
433835	24.0
434036	24.0
434070	-516.0
434271	22.0
434305	-246.0
434351	-396.0
434552	30.0
434753	18.0
434863	-350.0
435063	26.0
435114	-526.0
435315	22.0
435516	26.0
435552	-336.0
435753	18.0
435954	24.0
436001	-24.0
436201	16.0
436402	20.0
436603	16.0
436804	24.0
436837	-366.0
436963	-344.0
437061	-320.0
437262	24.0
437462	18.0
437581	-344.0
437781	18.0
437982	26.0
438020	-466.0
438221	22.0
438421	20.0
438469	-322.0
438669	22.0
438708	-388.0
438908	28.0
438951	-258.0
439151	26.0
439351	16.0
439385	-426.0
439585	20.0
439662	-284.0
439862	8.0
439916	-304.0
440116	1142.0
440146	-198.0
440347	18.0
440407	-294.0
440608	22.0
440654	-464.0
440854	18.0
441055	24.0
441256	26.0
441366	-348.0
441567	16.0
441767	16.0
441801	-328.0
442001	24.0
442160	-466.0
442361	24.0
442403	-324.0
442604	26.0
442705	-338.0
442906	26.0
443002	-326.0
443203	18.0
443236	-278.0
443437	30.0
443637	32.0
443679	-236.0
443880	20.0
444081	1114.0
444109	-208.0
444310	26.0
444511	26.0
444570	-270.0
444770	16.0
444971	22.0
445171	18.0
445372	24.0
445572	24.0
445773	32.0
445973	16.0
446005	-324.0
446206	20.0
446248	-364.0
446347	-320.0
446548	20.0
446569	-348.0
446663	-310.0
446719	-356.0
446920	20.0
446981	-338.0
447182	26.0
447382	20.0
447583	22.0
447610	-294.0
447811	20.0
447834	-356.0
448035	1116.0
448087	-406.0
448288	18.0
448325	-226.0
448526	24.0
448727	26.0
448763	-258.0
448791	-296.0
448992	20.0
449193	28.0
449394	28.0
449433	-314.0
449634	24.0
449835	24.0
449884	-416.0
450085	16.0
450194	-340.0
450395	26.0
450596	26.0
450796	18.0
450902	-328.0
451103	30.0
451274	-330.0
451475	20.0
451676	20.0
451877	22.0
452077	1108.0
452278	18.0
452327	-454.0
452528	24.0
452550	-250
452751	22.0
452952	22.0
452989	-234.0
453189	-286.0
453390	28.0
453422	-276.0
453623	-268.0
453824	26.0
453860	-216.0
454061	22.0
454102	-266.0
454151	-426.0
454352	20.0
454553	32.0
454639	-328.0
454727	-336.0
454928	28.0
455129	24.0
455167	-276.0
455193	-376.0
455394	22.0
455438	-344.0
455639	32.0
455839	20.0
456040	1162.0
456241	26.0
456442	24.0
456643	16.0
456685	-270
456886	18.0
456969	-296.0
457170	14.0
457234	-282.0
457435	30.0
457636	22.0
457837	32.0
458038	22.0
458238	26.0
458400	-330.0
458601	26.0
458802	30.0
458944	-334.0
459145	26.0
459346	24.0
459375	-338.0
459576	20.0
459723	-324.0
459924	26.0
459964	-244.0
460001	982.0
460121	-330.0
460321	28.0
460522	14.0
460590	-350.0
460791	20.0
460828	-420
461028	16.0
461077	-366.0
461278	20.0
461328	-342.0
461528	22.0
461618	-326.0
461819	16.0
461860	-416.0
461980	-340.0
462069	-332.0
462117	-366.0
462317	26.0
462518	28.0
462719	22.0
462919	26.0
462944	-350
463145	24.0
463346	22.0
463547	18.0
463589	-304.0
463789	24.0
463886	-330.0
464086	1136.0
464106	-258.0
464238	-382.0
464439	24.0
464467	-248.0
464667	20.0
464868	22.0
464980	-346.0
465181	14.0
465382	22.0
465427	-268.0
465627	26.0
465670	-342.0
465871	24.0
466072	22.0
466273	22.0
466474	24.0
466615	-326.0
466815	20.0
467016	20.0
467217	-284.0
467418	24.0
467466	-236.0
467666	22.0
467867	26.0
467990	-326.0
468001	466.0
468201	20.0
468311	-334.0
468512	24.0
468578	-470.0
468779	26.0
468842	-322.0
468996	-340.0
469197	20.0
469397	26.0
469456	-312.0
469595	-340.0
469796	24.0
469842	-364.0
470043	18.0
470243	16.0
470390	-322.0
470591	22.0
470644	-372.0
470845	30.0
470901	-222.0
471102	22.0
471216	-334.0
471417	18.0
471618	28.0
471654	-286.0
471811	-320.0
472012	1136.0
472213	22.0
472240	-336.0
472441	22.0
472642	20.0
472736	-310.0
472807	-334.0
473008	30.0
473047	-264.0
473084	-286.0
473248	-330.0
473449	24.0
473487	-368.0
473688	26.0
473752	-372.0
473953	-232.0
474153	26.0
474256	-326.0
474289	-228.0
474490	18.0
474691	20.0
474892	28.0
474932	-396.0
474962	-320
475162	20.0
475363	28.0
475447	-382.0
475647	24.0
475691	-354.0
475892	18.0
475952	-424.0
476018	714.0
476219	12.0
476342	-328.0
476543	16.0
476744	32.0
476778	-216.0
476979	16.0
477028	-348.0
477136	-324.0
477337	24.0
477538	20.0
477739	18.0
477777	-208.0
477977	24.0
478054	-378.0
478254	24.0
478455	12.0
478655	22.0
478697	-300
478735	-376.0
478936	14.0
479137	16.0
479181	-368.0
479381	22.0
479582	30.0
479664	-346.0
479865	20.0
479918	-434.0
480119	1132.0
480320	20.0
480521	26.0
480653	-510.0
480854	30.0
481055	26.0
481256	22.0
481457	26.0
481502	-376.0
481532	-296.0
481733	30.0
481934	16.0
482134	18.0
482335	18.0
482446	-362.0
482647	26.0
482848	20.0
482879	-376.0
483080	26.0
483204	-322.0
483405	28.0
483606	26.0
483637	-318.0
483765	-348.0
483966	22.0
484001	832.0
484202	28.0
484403	24.0
484604	32.0
484804	28.0
484827	-326.0
485028	20.0
485061	-378.0
485261	22.0
485359	-412.0
485412	-342.0
485613	28.0
485814	26.0
485845	-264.0
486046	32.0
486079	-336.0
486280	22.0
486481	28.0
486682	24.0
486737	-372.0
486938	30.0
487003	-300.0
487204	26.0
487255	-244.0
487456	16.0
487656	24.0
487696	-356.0
487896	26.0
487919	-308.0
488119	1168.0
488170	-404.0
488371	26.0
488572	26.0
488772	26.0
488973	22.0
488999	-250
489056	-312.0
489256	20.0
489321	-278.0
489455	-346.0
489487	-338.0
489519	-350
489720	22.0
489774	-256.0
489803	-228.0
489859	-306.0
489971	-318.0
490011	-298.0
490047	-320
490248	12.0
490449	24.0
490650	20.0
490740	-336.0
490940	24.0
491141	28.0
491271	-346.0
491472	24.0
491510	-324.0
491711	20.0
491912	18.0
492113	1164.0
492137	-318.0
492215	-320.0
492416	14.0
492447	-232.0
492527	-372.0
492728	24.0
492929	24.0
493130	32.0
493331	18.0
493354	-326.0
493555	20.0
493756	24.0
493957	24.0
494157	24.0
494190	-386.0
494390	22.0
494439	-362.0
494639	24.0
494728	-330.0
494929	18.0
494974	-354.0
495175	24.0
495200	-238.0
495241	-356.0
495442	22.0
495484	-408.0
495684	30.0
495704	-364.0
495904	26.0
496001	-332.0
496092	-316.0
496293	24.0
496494	30.0
496695	24.0
496896	24.0
496991	-390.0
497192	32.0
497393	16.0
497417	-360
497618	24.0
497819	26.0
498020	20.0
498049	-472.0
498250	22.0
498450	20.0
498474	-326.0
498674	24.0
498786	-326.0
498911	-346.0
499112	32.0
499155	-266.0
499356	16.0
499384	-236.0
499585	26.0
499786	22.0
499834	-294.0
500035	1166.0
500104	-340.0
500305	18.0
500360	-244.0
500560	22.0
500595	-302.0
500795	22.0
500891	-328.0
501009	-344.0
501210	22.0
501411	22.0
501612	22.0
501634	-300
501835	16.0
502036	24.0
502236	24.0
502437	20.0
502638	16.0
502680	-276.0
502881	22.0
503082	28.0
503134	-274.0
503335	22.0
503377	-272.0
503578	26.0
503779	22.0
503980	-290.0
504001	346.0
504062	-320.0
504263	26.0
504464	28.0
504484	-316.0
504685	30.0
504886	22.0
504942	-238.0
505143	28.0
505344	30.0
505545	22.0
505608	-282.0
505719	-322.0
505919	26.0
506017	-322.0
506042	-198.0
506243	20.0
506279	-238.0
506408	-330.0
506562	-344.0
506689	-338.0
506890	34.0
507091	30.0
507129	-442.0
507330	24.0
507530	30.0
507551	-296.0
507716	-330.0
507917	18.0
508118	1182.0
508318	20.0
508367	-326.0
508568	-278.0
508769	24.0
508813	-288.0
509014	22.0
509107	-326.0
509308	22.0
509509	24.0
509542	-226.0
509581	-364.0
509699	-334.0
509900	26.0
509997	-330.0
510038	-386.0
510239	16.0
510440	20.0
510641	28.0
510681	-264.0
510882	22.0
510911	-296.0
511112	26.0
511164	-264.0
511365	26.0
511565	20.0
511766	22.0
511967	30.0
512001	860.0
512036	-292.0
512237	20.0
512438	18.0
512519	-318.0
512720	28.0
512838	-326.0
513038	20.0
513071	-338.0
513272	22.0
513304	-386.0
513333	-388.0
513534	20.0
513734	22.0
513879	-420.0
514079	30.0
514280	20.0
514481	22.0
514561	-328.0
514762	16.0
514963	20.0
515164	26.0
515290	-442.0
515491	-260.0
515691	22.0
515892	16.0
515926	-234.0
516127	1118.0
516261	-340.0
516462	26.0
516663	28.0
516864	22.0
516887	-340
517088	18.0
517123	-380
517174	-278.0
517281	-326.0
517482	16.0
517515	-278.0
517716	22.0
517757	-226.0
517958	18.0
517995	-336.0
518196	14.0
518347	-334.0
518548	20.0
518749	22.0
518949	20.0
519024	-314.0
519050	-306.0
519251	20.0
519358	-332.0
519386	-238.0
519586	20.0
519686	-314.0
519887	22.0
520088	1128.0
520289	20.0
520331	-446.0
520531	22.0
520561	-316.0
520762	24.0
520963	26.0
521164	22.0
521365	16.0
521566	22.0
521627	-402.0
521828	24.0
522029	28.0
522230	16.0
522431	20.0
522632	22.0
522832	26.0
523033	20.0
523062	-378.0
523263	28.0
523464	24.0
523665	8.0
523691	-288.0
523891	14.0
524092	1142.0
524154	-296.0
524287	-346.0
524322	-334.0
524445	-346.0
524486	-238.0
524686	20.0
524731	-416.0
524932	22.0
525133	22.0
525334	24.0
525385	-342.0
525586	18.0
525786	20.0
525835	-358.0
525952	-354.0
526153	22.0
526183	-324.0
526384	20.0
526463	-356.0
526601	-344.0
526625	-326.0
526826	28.0
527027	-194.0
527200	-334.0
527401	22.0
527513	-318.0
527714	24.0
527915	22.0
528116	1116.0
528317	22.0
528392	-536.0
528593	22.0
528645	-290.0
528846	24.0
529047	18.0
529070	-208.0
529202	-346.0
529402	14.0
529603	22.0
529669	-264.0
529870	14.0
529985	-334.0
530103	-334.0
530303	18.0
530504	22.0
530532	-206.0
530732	26.0
530817	-392.0
531018	22.0
531219	16.0
531242	-370
531443	14.0
531644	16.0
531691	-202.0
531774	-350.0
531974	24.0
532001	792.0
532202	28.0
532403	22.0
532526	-326.0
532610	-314.0
532810	26.0
532846	-306.0
532875	-350
533076	20.0
533218	-346.0
533301	-330.0
533501	24.0
533702	16.0
533903	26.0
534061	-344.0
534262	22.0
534463	22.0
534500	-404.0
534701	16.0
534902	22.0
534961	-366.0
535161	24.0
535362	18.0
535563	24.0
535581	-318.0
535782	14.0
535983	20.0
536001	316.0
536202	28.0
536284	-302.0
536485	16.0
536686	22.0
536864	-342.0
537065	24.0
537266	20.0
537467	22.0
537503	-224.0
537686	-330.0
537715	-274.0
537916	24.0
537956	-278.0
538157	12.0
538358	14.0
538411	-354.0
538612	22.0
538725	-354.0
538926	12.0
539015	-342.0
539216	20.0
539262	-258.0
539389	-322.0
539589	28.0
539790	22.0
539815	-234.0
539948	-322.0
539990	-334.0
540001	472.0
540202	20.0
540403	24.0
540603	20.0
540746	-342.0
540947	18.0
541148	20.0
541196	-292.0
541397	22.0
541450	-332.0
541651	20.0
541682	-334.0
541883	24.0
541929	-404.0
542048	-336.0
542091	-286.0
542138	-324.0
542338	20.0
542539	26.0
542604	-276.0
542805	18.0
542948	-334.0
543149	16.0
543350	24.0
543445	-318.0
543513	-290.0
543714	24.0
543915	20.0
544001	-26.0
544128	-342.0
544329	28.0
544377	-334.0
544577	26.0
544778	12.0
544920	-332.0
545121	32.0
545179	-482.0
545380	20.0
545412	-284.0
545613	28.0
545813	18.0
545957	-334.0
546088	-342.0
546289	26.0
546328	-448.0
546529	30.0
546569	-454.0
546770	28.0
546971	26.0
547038	-344.0
547238	24.0
547267	-318.0
547303	-346.0
547504	28.0
547704	20.0
547905	24.0
548106	1140.0
548138	-326.0
548339	24.0
548360	-316.0
548561	20.0
548762	16.0
548804	-324.0
548886	-320.0
549087	24.0
549288	24.0
549489	20.0
549689	18.0
549889	12.0
549924	-256.0
550035	-330.0
550236	24.0
550265	-196.0
550465	14.0
550666	20.0
550705	-386.0
550906	18.0
551107	32.0
551308	30.0
551331	-370
551532	24.0
551732	20.0
551797	-298.0
551832	-268.0
552033	1154.0
552068	-308.0
552269	20.0
552470	24.0
552671	-202.0
552872	30.0
552911	-228.0
553112	-262.0
553313	20.0
553514	18.0
553547	-230
553748	18.0
553949	28.0
553987	-226.0
554188	14.0
554388	18.0
554427	-418.0
554628	18.0
554706	-302.0
554907	26.0
554957	-458.0
555158	22.0
555203	-278.0
555404	22.0
555522	-308.0
555723	18.0
555768	-398.0
555969	26.0
556001	8.0
556202	26.0
556403	28.0
556435	-248.0
556636	20.0
556681	-256.0
556882	18.0
556999	-324.0
557199	20.0
557400	22.0
557432	-246.0
557544	-330.0
557745	18.0
557783	-264.0
557983	18.0
558009	-326.0
558209	22.0
558410	18.0
558611	18.0
558635	-216.0
558836	18.0
558861	-308.0
558906	-284.0
559107	18.0
559233	-318.0
559305	-322.0
559506	26.0
559623	-332.0
559695	-324.0
559896	22.0
559932	-530
560001	-92.0
560202	30.0
560242	-452.0
560443	22.0
560644	22.0
560680	-216.0
560706	-358.0
560847	-344.0
561047	18.0
561078	-192.0
561278	18.0
561373	-316.0
561506	-344.0
561707	32.0
561908	24.0
562010	-340.0
562211	22.0
562254	-374.0
562455	22.0
562656	30.0
562793	-342.0
562877	-330.0
563077	12.0
563133	-338.0
563334	20.0
563535	24.0
563621	-340.0
563648	-196.0
563848	18.0
564049	882.0
564249	24.0
564450	22.0
564497	-264.0
564698	22.0
564899	20.0
565100	18.0
565130	-376.0
565151	-298.0
565209	-234.0
565410	22.0
565611	26.0
565693	-528.0
565731	-234.0
565932	30.0
566133	28.0
566334	22.0
566389	-358.0
566590	14.0
566667	-442.0
566708	-328.0
566909	28.0
567007	-320.0
567208	28.0
567332	-344.0
567366	-238.0
567384	-228.0
567585	14.0
567627	-324.0
567742	-316.0
567875	-310.0
567929	-446.0
567989	-326.0
568001	182.0
568202	22.0
568256	-248.0
568457	20.0
568658	-236.0
568859	32.0
568910	-396.0
568943	-288.0
569052	-314.0
569252	14.0
569453	20.0
569485	-318.0
569599	-312.0
569800	18.0
569918	-348.0
569976	-336.0
570177	22.0
570294	-342.0
570494	22.0
570633	-340.0
570757	-342.0
570958	22.0
571091	-322.0
571292	18.0
571323	-278.0
571524	32.0
571725	18.0
571762	-376.0
571963	20.0
572001	-34.0
572201	16.0
572402	18.0
572438	-226.0
572639	18.0
572688	-318.0
572779	-324.0
572979	20.0
573065	-354.0
573265	14.0
573466	20.0
573512	-308.0
573563	-204.0
573764	16.0
573965	22.0
574003	-352.0
574204	28.0
574276	-452.0
574312	-396.0
574426	-326.0
574627	-284.0
574828	14.0
574877	-276.0
575078	16.0
575197	-332.0
575398	18.0
575532	-340.0
575733	18.0
575933	24.0
575983	-398.0
576001	648.0
576046	-370
576089	-344.0
576290	32.0
576491	24.0
576518	-256.0
576719	14.0
576920	20.0
576975	-516.0
577176	16.0
577196	-228.0
577342	-346.0
577442	-340.0
577643	26.0
577714	-310.0
577804	-308.0
578005	22.0
578055	-294.0
578256	14.0
578321	-364.0
578522	16.0
578723	26.0
578923	14.0
579124	24.0
579325	22.0
579525	24.0
579726	24.0
579749	-248.0
579950	18.0
579989	-374.0
580001	280.0
580202	-280.0
580403	26.0
580511	-346.0
580623	-316.0
580668	-446.0
580869	24.0
581069	22.0
581142	-350.0
581237	-322.0
581280	-232.0
581481	20.0
581524	-316.0
581724	22.0
581781	-236.0
581982	30.0
582090	-326.0
582290	18.0
582420	-334.0
582621	22.0
582676	-252.0
582877	24.0
582910	-386.0
583111	14.0
583312	22.0
583513	-236.0
583714	24.0
583914	28.0
584001	-18.0
584201	28.0
584250	-284.0
584451	18.0
584522	-218.0
584722	26.0
584819	-334.0
585019	28.0
585220	22.0
585421	28.0
585622	28.0
585669	-396.0
585823	-332.0
586000	-352.0
586039	-434.0
586240	22.0
586272	-238.0
586473	18.0
586674	22.0
586723	-282.0
586924	30.0
587125	18.0
587162	-386.0
587363	22.0
587564	30.0
587764	18.0
587965	28.0
588001	796.0
588201	24.0
588297	-322.0
588323	-218.0
588464	-342.0
588664	22.0
588865	20.0
589065	-222.0
589266	20.0
589467	12.0
589578	-354.0
589779	30.0
589861	-350.0
590062	28.0
590115	-404.0
590316	28.0
590384	-422.0
590415	-226.0
590615	20.0
590662	-294.0
590714	-348.0
590769	-390.0
590970	24.0
591171	24.0
591296	-336.0
591497	30.0
591554	-274.0
591584	-298.0
591682	-320.0
591883	26.0
592001	-32.0
592202	22.0
592302	-340.0
592502	24.0
592703	22.0
592904	28.0
593105	26.0
593159	-294.0
593360	22.0
593457	-332.0
593658	14.0
593859	26.0
593925	-420.0
593969	-298.0
594123	-342.0
594324	20.0
594365	-318.0
594566	18.0
594602	-396.0
594803	28.0
594840	-234.0
595041	28.0
595143	-324.0
595344	18.0
595404	-222.0
595605	30.0
595806	26.0
596007	1188.0
596208	20.0
596255	-334.0
596456	22.0
596656	26.0
596857	24.0
596913	-504.0
597114	22.0
597145	-346.0
597346	14.0
597547	26.0
597747	24.0
597850	-318.0
598050	20.0
598251	20.0
598278	-326.0
598479	14.0
598680	22.0
598881	22.0
598914	-304.0
599115	24.0
599190	-302.0
599391	20.0
599592	22.0
599622	-238.0
599823	24.0
600024	1132.0
600063	-394.0
600264	22.0
600465	-274.0
600487	-296.0
600688	30.0
600774	-332.0
600811	-298.0
601012	24.0
601044	-336.0
601245	22.0
601301	-464.0
601366	-264.0
601566	16.0
601593	-318.0
601794	14.0
601923	-438.0
601984	-266.0
602185	20.0
602280	-334.0
602480	22.0
602681	14.0
602882	22.0
602934	-394.0
603135	12.0
603336	18.0
